 [1]  9.742596 10.639612  8.654558  8.461718  9.035693  8.422986  9.338826
 [8]  9.863006  9.762213  8.791998  9.160638  8.661931  8.831975  8.170460
[15]  7.975603  9.231737  9.525561  8.327202  7.868476  9.309665
[1] 13270.65
 [1] 10.590264 11.251171 10.111517  9.520469  9.868430 10.059337 10.715506
 [8] 10.453457 10.877519  8.921858  9.956365  9.665167  9.908624  8.644002
[15]  8.135640 10.348750 10.373835  9.418898  8.557567 10.087724
 [1] 6.812345 6.864848 5.043425 4.634729 4.406719 6.476972 7.586804 6.042633
 [9] 7.937732 5.996452 5.451038 6.675823 [1]  9.742596 10.639612  8.654558  8.461718  9.035693  8.422986  9.338826
 [8]  9.863006  9.762213  8.791998  9.160638  8.661931  8.831975  8.170460
[15]  7.975603  9.231737  9.525561  8.327202  7.868476  9.309665
[1] 13270.65
 [1] 10.590264 11.251171 10.111517  9.520469  9.868430 10.059337 10.715506
 [8] 10.453457 10.877519  8.921858  9.956365  9.665167  9.908624  8.644002
[15]  8.135640 10.348750 10.373835  9.418898  8.557567 10.087724
 [1] 6.812345 6.864848 5.043425 4.634729 4.406719 6.476972 7.586804 6.042633
 [9] 7.937732 5.996452 5.451038 6.675823 5.940171 5.267858 4.615121 5.135798
[17] 6.152733 5.736572 4.770685 6.315358
 [1] 27.755610 51.580682 34.836386 41.617683 58.471654 54.739268 41.601713
 [8] 22.422291 65.151748 58.971653 25.572482 37.780113 14.517797  9.435258
[15] 33.109116 42.238607 46.238553 36.468195 66.794977 27.156721
[1] 40.12599
[1] 20.0398
[1] -6609.078
NULL
 [1]  1.77538445 -0.39297804  0.43204537  0.68263382  0.66993701  0.37913894
 [7] -0.60641285  0.91136060 -2.12960631 -1.05546204  0.79602805 -0.70140103
[13]  0.17018294 -0.74227467 -0.54593511 -1.43253609  1.41675895 -1.90715293
[19]  0.56237161  0.09400118
  0.09400118 5.267858 4.615121 5.135798
[17] 6.152733 5.736572 4.770685 6.315358
 [1] 27.755610 51.580682 34.836386 41.617683 58.471654 54.739268 41.601713
 [8] 22.422291 65.151748 58.971653 25.572482 37.780113 14.517797  9.435258
[15] 33.109116 42.238607 46.238553 36.468195 66.794977 27.156721
[1] 40.12599
[1] 20.0398
[1] -6609.078
NULL
 [1]  1.77538445 -0.39297804  0.43204537  0.68263382  0.66993701  0.37913894
 [7] -0.60641285  0.91136060 -2.12960631 -1.05546204  0.79602805 -0.70140103
[13]  0.17018294 -0.74227467 -0.54593511 -1.43253609  1.41675895 -1.90715293
[19]  0.56237161  0.09400118
 [1] 10.916415 12.279579  9.997843  9.914032 10.954973  9.046409  9.868586
 [8] 11.620667 10.408074 10.153468 10.683981  9.447939 10.069341  9.471627
[15]  9.598998 10.844042 10.899236  9.408371  9.253591 10.501252
 [1] -0.78498120  2.09678906  0.16141243  1.41917286  0.89703469  1.36150458
 [7]  0.06539947 -2.38310813 -1.29093092 -0.30296704  2.44742732  1.30113984
[13] -0.07227899 -0.04093653  0.31611271 -0.47256777 -0.65692990 -0.29746172
[19] -0.06409841  0.98658524
[1] 20.0398
 [1] "AL" "AL" "AL" "AL" "AL" "AL" "AL" "AL" "AL" "AL" "AL" "AL" "AL" "AL" "AL"
[16] "AL" "AL" "AL" "AL" "AL"
[1] 10
 [1] 10.651360 12.162852  9.465448  9.777641 10.912649  8.109225  9.184407
 [8] 11.335269  9.825526 10.096213 10.551167  8.858795  9.409765  9.298351
[15]  9.552653 10.598358 10.676439  8.744966  8.892062 10.334328
[1] 40.12599
[1] 20.0398
 [1]  9.742596 10.639612  8.654558  8.461718  9.035693  8.422986  9.338826
 [8]  9.863006  9.762213  8.791998  9.160638  8.661931  8.831975  8.170460
[15]  7.975603  9.231737  9.525561  8.327202  7.868476  9.309665
[1] 13270.65
 [1] 10.590264 11.251171 10.111517  9.520469  9.868430 10.059337 10.715506
 [8] 10.453457 10.877519  8.921858  9.956365  9.665167  9.908624  8.644002
[15]  8.135640 10.348750 10.373835  9.418898  8.557567 10.087724
 [1] 6.812345 6.864848 5.043425 4.634729 4.406719 6.476972 7.586804 6.042633
 [9] 7.937732 5.996452 5.451038 6.675823 5.940171 5.267858 4.615121 5.135798
[17] 6.152733 5.736572 4.770685 6.315358
 [1] 27.755610 51.580682 34.836386 41.617683 58.471654 54.739268 41.601713
 [8] 22.422291 65.151748 58.971653 25.572482 37.780113 14.517797  9.435258
[15] 33.109116 42.238607 46.238553 36.468195 66.794977 27.156721
[1] 40.43094
[1] 20.0398
[1] -6609.078
NULL
 [1]  1.77538445 -0.39297804  0.43204537  0.68263382  0.66993701  0.37913894
 [7] -0.60641285  0.91136060 -2.12960631 -1.05546204  0.79602805 -0.70140103
[13]  0.17018294 -0.74227467 -0.54593511 -1.43253609  1.41675895 -1.90715293
[19]  0.56237161  0.09400118
 [1] 10.916415 12.279579  9.997843  9.914032 10.954973  9.046409  9.868586
 [8] 11.620667 10.408074 10.153468 10.683981  9.447939 10.069341  9.471627
[15]  9.598998 10.844042 10.899236  9.408371  9.253591 10.501252
 [1] -0.78498120  2.09678906  0.16141243  1.41917286  0.89703469  1.36150458
 [7]  0.06539947 -2.38310813 -1.29093092 -0.30296704  2.44742732  1.30113984
[13] -0.07227899 -0.04093653  0.31611271 -0.47256777 -0.65692990 -0.29746172
[19] -0.06409841  0.98658524
[1] 20.0398
 [1] "AL" "AL" "AL" "AL" "AL" "AL" "AL" "AL" "AL" "AL" "AL" "AL" "AL" "AL" "AL"
[16] "AL" "AL" "AL" "AL" "AL"
[1] 10
 [1] 10.651360 12.162852  9.465448  9.777641 10.912649  8.109225  9.184407
 [8] 11.335269  9.825526 10.096213 10.551167  8.858795  9.409765  9.298351
[15]  9.552653 10.598358 10.676439  8.744966  8.892062 10.334328
[1] 40.12599
[1] 20.0398
 [1]  9.742596 10.639612  8.654558  8.461718  9.035693  8.422986  9.338826
 [8]  9.863006  9.762213  8.791998  9.160638  8.661931  8.831975  8.170460
[15]  7.975603  9.231737  9.525561  8.327202  7.868476  9.309665
[1] 13270.65
 [1] 10.590264 11.251171 10.111517  9.520469  9.868430 10.059337 10.715506
 [8] 10.453457 10.877519  8.921858  9.956365  9.665167  9.908624  8.644002
[15]  8.135640 10.348750 10.373835  9.418898  8.557567 10.087724
 [1] 6.812345 6.864848 5.043425 4.634729 4.406719 6.476972 7.586804 6.042633
 [9] 7.937732 5.996452 5.451038 6.675823 5.940171 5.267858 4.615121 5.135798
[17] 6.152733 5.736572 4.770685 6.315358
 [1] 27.755610 51.580682 34.836386 41.617683 58.471654 54.739268 41.601713
 [8] 22.422291 65.151748 58.971653 25.572482 37.780113 14.517797  9.435258
[15] 33.109116 42.238607 46.238553 36.468195 66.794977 27.156721
[1] 40.43094
[1] 19.99085
[1] -6609.078
NULL
 [1]  1.77538445 -0.39297804  0.43204537  0.68263382  0.66993701  0.37913894
 [7] -0.60641285  0.91136060 -2.12960631 -1.05546204  0.79602805 -0.70140103
[13]  0.17018294 -0.74227467 -0.54593511 -1.43253609  1.41675895 -1.90715293
[19]  0.56237161  0.09400118
 [1] 10.916415 12.279579  9.997843  9.914032 10.954973  9.046409  9.868586
 [8] 11.620667 10.408074 10.153468 10.683981  9.447939 10.069341  9.471627
[15]  9.598998 10.844042 10.899236  9.408371  9.253591 10.501252
 [1] -0.78498120  2.09678906  0.16141243  1.41917286  0.89703469  1.36150458
 [7]  0.06539947 -2.38310813 -1.29093092 -0.30296704  2.44742732  1.30113984
[13] -0.07227899 -0.04093653  0.31611271 -0.47256777 -0.65692990 -0.29746172
[19] -0.06409841  0.98658524
[1] 20.0398
 [1] "AL" "AL" "AL" "AL" "AL" "AL" "AL" "AL" "AL" "AL" "AL" "AL" "AL" "AL" "AL"
[16] "AL" "AL" "AL" "AL" "AL"
[1] 10
 [1] 10.651360 12.162852  9.465448  9.777641 10.912649  8.109225  9.184407
 [8] 11.335269  9.825526 10.096213 10.551167  8.858795  9.409765  9.298351
[15]  9.552653 10.598358 10.676439  8.744966  8.892062 10.334328
[1] 40.12599
[1] 20.0398
[1] "mean 40.430937"
[1] "standard deviation 19.990853"
