
	Pearson's product-moment correlation

data:  first_value and other_value
t = 14.79, df = 2124, p-value < 2.2e-16
alternative hypothesis: true correlation is not equal to 0
95 percent confidence interval:
 0.2665203 0.3436183
sample estimates:
    cor 
0.30557 

 [1] 73 17 16 16 16 26 29 83 84 86 64 64 28 28 21 19 24 18 23 29
 [1] 120 132 133 134 132 134 134 122 122 122 151 150 131 131 130 130 130 131 130
[20] 130
 [1]   6.997667 -17.708063  52.990807  47.775377  -5.477517  28.597471
 [7]  11.158475  51.721277  26.938083  40.676248  37.728032  60.818154
[13]  11.312164  69.680306  44.783832  42.571359  35.017004  34.646058
[19]  24.978386  40.927960
[1] 39.88164
[1] 20.06385
NULL
[1] 46.99012
 [1] -1.9724471  0.5586447 -0.4792268  0.5445624  0.3026013  0.3596517
 [7] -1.1381865 -1.4580585 -0.7806383  1.2615593 -1.9384103  0.3933034
[13]  0.6832243  1.2435113  0.8767942  0.7626420  0.2867102 -1.8682053
[19] -0.5693226 -1.2326026
 [1] -1.9724471  0.5586447 -0.4792268  0.5445624  0.3026013  0.3596517
 [7] -1.1381865 -1.4580585 -0.7806383  1.2615593 -1.9384103  0.3933034
[13]  0.6832243  1.2435113  0.8767942  0.7626420  0.2867102 -1.8682053
[19] -0.5693226 -1.2326026
[1] 17.19281
[1] 10
[1] 39.88164
[1] 20.06385
 [1] 73 17 16 16 16 26 29 83 84 86 64 64 28 28 21 19 24 18 23 29
 [1] 120 132 133 134 132 134 134 122 122 122 151 150 131 131 130 130 130 131 130
[20] 130
 [1]   6.997667 -17.708063  52.990807  47.775377  -5.477517  28.597471
 [7]  11.158475  51.721277  26.938083  40.676248  37.728032  60.818154
[13]  11.312164  69.680306  44.783832  42.571359  35.017004  34.646058
[19]  24.978386  40.927960
[1] 39.88164
[1] 20.06385
NULL
[1] 46.99012
 [1] -1.9724471  0.5586447 -0.4792268  0.5445624  0.3026013  0.3596517
 [7] -1.1381865 -1.4580585 -0.7806383  1.2615593 -1.9384103  0.3933034
[13]  0.6832243  1.2435113  0.8767942  0.7626420  0.2867102 -1.8682053
[19] -0.5693226 -1.2326026
 [1] -1.9724471  0.5586447 -0.4792268  0.5445624  0.3026013  0.3596517
 [7] -1.1381865 -1.4580585 -0.7806383  1.2615593 -1.9384103  0.3933034
[13]  0.6832243  1.2435113  0.8767942  0.7626420  0.2867102 -1.8682053
[19] -0.5693226 -1.2326026
[1] 17.19281
[1] 10
[1] 39.88164
[1] 20.06385
 [1] 73 17 16 16 16 26 29 83 84 86 64 64 28 28 21 19 24 18 23 29
 [1] 120 132 133 134 132 134 134 122 122 122 151 150 131 131 130 130 130 131 130
[20] 130
 [1]   6.997667 -17.708063  52.990807  47.775377  -5.477517  28.597471
 [7]  11.158475  51.721277  26.938083  40.676248  37.728032  60.818154
[13]  11.312164  69.680306  44.783832  42.571359  35.017004  34.646058
[19]  24.978386  40.927960
[1] 39.88164
[1] 20.06385
NULL
[1] 46.99012
 [1] -1.9724471  0.5586447 -0.4792268  0.5445624  0.3026013  0.3596517
 [7] -1.1381865 -1.4580585 -0.7806383  1.2615593 -1.9384103  0.3933034
[13]  0.6832243  1.2435113  0.8767942  0.7626420  0.2867102 -1.8682053
[19] -0.5693226 -1.2326026
 [1] -1.9724471  0.5586447 -0.4792268  0.5445624  0.3026013  0.3596517
 [7] -1.1381865 -1.4580585 -0.7806383  1.2615593 -1.9384103  0.3933034
[13]  0.6832243  1.2435113  0.8767942  0.7626420  0.2867102 -1.8682053
[19] -0.5693226 -1.2326026
[1] 17.19281
[1] 10
[1] 39.88164
[1] 20.06385
 [1] 73 17 16 16 16 26 29 83 84 86 64 64 28 28 21 19 24 18 23 29
 [1] 120 132 133 134 132 134 134 122 122 122 151 150 131 131 130 130 130 131 130
[20] 130
 [1]   6.997667 -17.708063  52.990807  47.775377  -5.477517  28.597471
 [7]  11.158475  51.721277  26.938083  40.676248  37.728032  60.818154
[13]  11.312164  69.680306  44.783832  42.571359  35.017004  34.646058
[19]  24.978386  40.927960
[1] 39.88164
[1] 20.06385
NULL
[1] 46.99012
 [1] -1.9724471  0.5586447 -0.4792268  0.5445624  0.3026013  0.3596517
 [7] -1.1381865 -1.4580585 -0.7806383  1.2615593 -1.9384103  0.3933034
[13]  0.6832243  1.2435113  0.8767942  0.7626420  0.2867102 -1.8682053
[19] -0.5693226 -1.2326026
 [1] -1.9724471  0.5586447 -0.4792268  0.5445624  0.3026013  0.3596517
 [7] -1.1381865 -1.4580585 -0.7806383  1.2615593 -1.9384103  0.3933034
[13]  0.6832243  1.2435113  0.8767942  0.7626420  0.2867102 -1.8682053
[19] -0.5693226 -1.2326026
[1] 17.19281
[1] 10
[1] 39.88164
[1] 20.06385
 [1] 73 17 16 16 16 26 29 83 84 86 64 64 28 28 21 19 24 18 23 29
 [1] 120 132 133 134 132 134 134 122 122 122 151 150 131 131 130 130 130 131 130
[20] 130
 [1]   6.997667 -17.708063  52.990807  47.775377  -5.477517  28.597471
 [7]  11.158475  51.721277  26.938083  40.676248  37.728032  60.818154
[13]  11.312164  69.680306  44.783832  42.571359  35.017004  34.646058
[19]  24.978386  40.927960
[1] 39.88164
[1] 20.06385
NULL
[1] 46.99012
 [1] -1.9724471  0.5586447 -0.4792268  0.5445624  0.3026013  0.3596517
 [7] -1.1381865 -1.4580585 -0.7806383  1.2615593 -1.9384103  0.3933034
[13]  0.6832243  1.2435113  0.8767942  0.7626420  0.2867102 -1.8682053
[19] -0.5693226 -1.2326026
 [1] -1.9724471  0.5586447 -0.4792268  0.5445624  0.3026013  0.3596517
 [7] -1.1381865 -1.4580585 -0.7806383  1.2615593 -1.9384103  0.3933034
[13]  0.6832243  1.2435113  0.8767942  0.7626420  0.2867102 -1.8682053
[19] -0.5693226 -1.2326026
[1] 17.19281
[1] 10
[1] 39.88164
[1] 20.06385
 [1] 73 17 16 16 16 26 29 83 84 86 64 64 28 28 21 19 24 18 23 29
 [1] 120 132 133 134 132 134 134 122 122 122 151 150 131 131 130 130 130 131 130
[20] 130
[1] 39.88164
[1] 20.06385
NULL
[1] 46.99012
 [1] -1.9724471  0.5586447 -0.4792268  0.5445624  0.3026013  0.3596517
 [7] -1.1381865 -1.4580585 -0.7806383  1.2615593 -1.9384103  0.3933034
[13]  0.6832243  1.2435113  0.8767942  0.7626420  0.2867102 -1.8682053
[19] -0.5693226 -1.2326026
 [1] -1.9724471  0.5586447 -0.4792268  0.5445624  0.3026013  0.3596517
 [7] -1.1381865 -1.4580585 -0.7806383  1.2615593 -1.9384103  0.3933034
[13]  0.6832243  1.2435113  0.8767942  0.7626420  0.2867102 -1.8682053
[19] -0.5693226 -1.2326026
[1] 17.19281
[1] 10
[1] 39.88164
[1] 20.06385
 [1] 73 17 16 16 16 26 29 83 84 86 64 64 28 28 21 19 24 18 23 29
 [1] 120 132 133 134 132 134 134 122 122 122 151 150 131 131 130 130 130 131 130
[20] 130
 [1]   6.997667 -17.708063  52.990807  47.775377  -5.477517  28.597471
 [7]  11.158475  51.721277  26.938083  40.676248  37.728032  60.818154
[13]  11.312164  69.680306  44.783832  42.571359  35.017004  34.646058
[19]  24.978386  40.927960
[1] 39.88164
[1] 20.06385
NULL
[1] 46.99012
 [1] -1.9724471  0.5586447 -0.4792268  0.5445624  0.3026013  0.3596517
 [7] -1.1381865 -1.4580585 -0.7806383  1.2615593 -1.9384103  0.3933034
[13]  0.6832243  1.2435113  0.8767942  0.7626420  0.2867102 -1.8682053
[19] -0.5693226 -1.2326026
 [1] -1.9724471  0.5586447 -0.4792268  0.5445624  0.3026013  0.3596517
 [7] -1.1381865 -1.4580585 -0.7806383  1.2615593 -1.9384103  0.3933034
[13]  0.6832243  1.2435113  0.8767942  0.7626420  0.2867102 -1.8682053
[19] -0.5693226 -1.2326026
[1] 17.19281
[1] 10
[1] 39.88164
[1] 20.06385
 [1] 73 17 16 16 16 26 29 83 84 86 64 64 28 28 21 19 24 18 23 29
 [1] 120 132 133 134 132 134 134 122 122 122 151 150 131 131 130 130 130 131 130
[20] 130
 [1]   6.997667 -17.708063  52.990807  47.775377  -5.477517  28.597471
 [7]  11.158475  51.721277  26.938083  40.676248  37.728032  60.818154
[13]  11.312164  69.680306  44.783832  42.571359  35.017004  34.646058
[19]  24.978386  40.927960
[1] 39.88164
[1] 20.06385
NULL
[1] 46.99012
 [1] -1.9724471  0.5586447 -0.4792268  0.5445624  0.3026013  0.3596517
 [7] -1.1381865 -1.4580585 -0.7806383  1.2615593 -1.9384103  0.3933034
[13]  0.6832243  1.2435113  0.8767942  0.7626420  0.2867102 -1.8682053
[19] -0.5693226 -1.2326026
 [1] -1.9724471  0.5586447 -0.4792268  0.5445624  0.3026013  0.3596517
 [7] -1.1381865 -1.4580585 -0.7806383  1.2615593 -1.9384103  0.3933034
[13]  0.6832243  1.2435113  0.8767942  0.7626420  0.2867102 -1.8682053
[19] -0.5693226 -1.2326026
[1] 17.19281
[1] 10
[1] 39.88164
[1] 20.06385
 [1] 120 132 133 134 132 134 134 122 122 122 151 150 131 131 130 130 130 131 130
[20] 130
 [1] 0.000 0.006 0.003 0.003 0.007 0.001 0.001 0.000 0.000 0.000 0.000 0.000
[13] 0.005 0.009 0.006 0.006 0.006 0.002 0.003 0.005
 [1] 0.000 0.000 0.000 0.000 0.000 0.000 0.000 0.000 0.000 0.000 0.000 0.000
[13] 0.072 0.222 0.408 0.380 0.441 0.383 0.451 0.469
 [1] 0.000 0.006 0.008 0.008 0.008 0.010 0.013 0.000 0.002 0.003 0.001 0.001
[13] 0.008 0.006 0.004 0.004 0.005 0.003 0.006 0.005
 [1] 0.000 0.003 0.003 0.003 0.000 0.009 0.008 0.000 0.000 0.000 0.001 0.001
[13] 0.003 0.002 0.005 0.004 0.005 0.005 0.004 0.004
 [1] 0 0 0 0 0 0 0 0 0 0 0 0 0 0 0 0 0 0 0 0
 [1] 0.000 0.000 0.000 0.000 0.000 0.002 0.003 0.000 0.000 0.000 0.000 0.000
[13] 0.000 0.000 0.001 0.001 0.000 0.002 0.001 0.001
 [1] 73 17 16 16 16 26 29 83 84 86 64 64 28 28 21 19 24 18 23 29
 [1] 0.5 2.1 2.1 2.4 2.4 5.9 6.3 0.5 0.5 0.3 1.9 2.0 1.4 1.5 2.3 2.3 2.1 2.4 1.9
[20] 1.7
 [1] 43  0  0  0  0  0  0  6  5  6  9  8  0  0  0  0  0  0  0  0
 [1]  2.4 10.4 13.4 23.0 19.9  0.0  0.0 15.6 13.6 10.6 27.6 29.5 12.9  5.4  7.9
[16]  8.7 10.9 13.9  8.8  7.8
 [1]  64 130 130 117 117 150 150  68  68  68 130 130  66  87 107 107 125 107  99
[20] 112
 [1] 62 68 68 53 53 50 50 62 62 62 56 56 88 71 67 67 53 67 59 65
 [1] 126 198 198 170 170 200 200 130 130 130 186 186 154 158 174 174 178 174 158
[20] 177
 [1]  2  6  5 11  9  5  6  0  0  1  2  5  5  2  7  3  5  5  6  6
 [1] 0 1 1 0 0 3 3 0 0 0 0 0 0 0 0 0 0 0 0 1
 [1] 120 141 141 137 137  76  71 122 122 122 150 150 135 141 143 134 143 134 133
[20] 133
 [1] 137 136 135 134 136 107 107 122 122 122 148 148 134 137 125 127 128 125 124
[20] 129
 [1] 121 140 138 137 138 107 106 123 123 123 151 151 137 141 135 133 138 132 129
[20] 133
 [1]  73  12  13  13  11 170 215   3   3   1   9  10   7  10  76  43  70  45  36
[20]  27
 [1] 1 0 0 1 1 0 0 1 1 1 1 1 1 1 0 0 1 0 1 0
 [1] 2 1 1 1 1 3 3 3 3 3 2 2 1 1 1 1 1 2 1 1
 [1]       10403          32   203229605 -1285613222 -2002861527 -1859210289
 [7] -1200864888  1465443352 -1878833184   647318306   615881950  1430363251
[13]  1655857465 -1657157196    90570060  1059467312 -1541707385  2079455913
[19]   281292371  1350112414
 [1] 73 17 16 16 16 26 29 83 84 86 64 64 28 28 21 19 24 18 23 29
 [1] 120 132 133 134 132 134 134 122 122 122 151 150 131 131 130 130 130 131 130
[20] 130
 [1]   6.997667 -17.708063  52.990807  47.775377  -5.477517  28.597471
 [7]  11.158475  51.721277  26.938083  40.676248  37.728032  60.818154
[13]  11.312164  69.680306  44.783832  42.571359  35.017004  34.646058
[19]  24.978386  40.927960
[1] 39.88164
[1] 20.06385
NULL
[1] 46.99012
 [1] -1.9724471  0.5586447 -0.4792268  0.5445624  0.3026013  0.3596517
 [7] -1.1381865 -1.4580585 -0.7806383  1.2615593 -1.9384103  0.3933034
[13]  0.6832243  1.2435113  0.8767942  0.7626420  0.2867102 -1.8682053
[19] -0.5693226 -1.2326026
 [1] -1.9724471  0.5586447 -0.4792268  0.5445624  0.3026013  0.3596517
 [7] -1.1381865 -1.4580585 -0.7806383  1.2615593 -1.9384103  0.3933034
[13]  0.6832243  1.2435113  0.8767942  0.7626420  0.2867102 -1.8682053
[19] -0.5693226 -1.2326026
[1] 17.19281
[1] 10
[1] 39.88164
[1] 20.06385
 [1]       10403          32   203229605 -1285613222 -2002861527 -1859210289
 [7] -1200864888  1465443352 -1878833184   647318306   615881950  1430363251
[13]  1655857465 -1657157196    90570060  1059467312 -1541707385  2079455913
[19]   281292371  1350112414
 [1] 73 17 16 16 16 26 29 83 84 86 64 64 28 28 21 19 24 18 23 29
 [1] 120 132 133 134 132 134 134 122 122 122 151 150 131 131 130 130 130 131 130
[20] 130
 [1]   6.997667 -17.708063  52.990807  47.775377  -5.477517  28.597471
 [7]  11.158475  51.721277  26.938083  40.676248  37.728032  60.818154
[13]  11.312164  69.680306  44.783832  42.571359  35.017004  34.646058
[19]  24.978386  40.927960
[1] 39.88164
[1] 20.06385
NULL
[1] 46.99012
 [1] -1.9724471  0.5586447 -0.4792268  0.5445624  0.3026013  0.3596517
 [7] -1.1381865 -1.4580585 -0.7806383  1.2615593 -1.9384103  0.3933034
[13]  0.6832243  1.2435113  0.8767942  0.7626420  0.2867102 -1.8682053
[19] -0.5693226 -1.2326026
 [1] -1.9724471  0.5586447 -0.4792268  0.5445624  0.3026013  0.3596517
 [7] -1.1381865 -1.4580585 -0.7806383  1.2615593 -1.9384103  0.3933034
[13]  0.6832243  1.2435113  0.8767942  0.7626420  0.2867102 -1.8682053
[19] -0.5693226 -1.2326026
[1] 17.19281
[1] 10
[1] 39.88164
[1] 20.06385
No documentation for ‘list_values’ in specified packages and libraries:
you could try ‘??list_values’
No documentation for ‘file_name’ in specified packages and libraries:
you could try ‘??file_name’
