
	Spearman's rank correlation rho

data:  first_value and other_value
S = 1093578677, p-value < 2.2e-16
alternative hypothesis: true rho is not equal to 0
sample estimates:
      rho 
0.3171716 

 [1] 73 17 16 16 16 26 29 83 84 86 64 64 28 28 21 19 24 18 23 29
 [1] 120 132 133 134 132 134 134 122 122 122 151 150 131 131 130 130 130 131 130
[20] 130
 [1]   6.997667 -17.708063  52.990807  47.775377  -5.477517  28.597471
 [7]  11.158475  51.721277  26.938083  40.676248  37.728032  60.818154
[13]  11.312164  69.680306  44.783832  42.571359  35.017004  34.646058
[19]  24.978386  40.927960
[1] 39.88164
[1] 20.06385
NULL
[1] 46.99012
 [1] -1.9724471  0.5586447 -0.4792268  0.5445624  0.3026013  0.3596517
 [7] -1.1381865 -1.4580585 -0.7806383  1.2615593 -1.9384103  0.3933034
[13]  0.6832243  1.2435113  0.8767942  0.7626420  0.2867102 -1.8682053
[19] -0.5693226 -1.2326026
 [1] -1.9724471  0.5586447 -0.4792268  0.5445624  0.3026013  0.3596517
 [7] -1.1381865 -1.4580585 -0.7806383  1.2615593 -1.9384103  0.3933034
[13]  0.6832243  1.2435113  0.8767942  0.7626420  0.2867102 -1.8682053
[19] -0.5693226 -1.2326026
[1] 17.19281
[1] 10
[1] 39.88164
[1] 20.06385
